k-mer  	i1 	 Not_i1 	 Odds  	Log odds
AAA 	 85287  	45861  	1.860  	0.895
AAA 	 85287  	45861  	1.860  	0.895
AAC 	 32894  	20771  	1.584  	0.663
AAC 	 32894  	20771  	1.584  	0.663
AAG 	 37720  	21811  	1.729  	0.790
AAG 	 37720  	21811  	1.729  	0.790
AAT 	 86479  	44262  	1.954  	0.966
AAT 	 86479  	44262  	1.954  	0.966
ACA 	 31739  	20916  	1.517  	0.602
ACA 	 31739  	20916  	1.517  	0.602
ACC 	 13725  	8655  	1.586  	0.665
ACC 	 13725  	8655  	1.586  	0.665
ACG 	 10225  	5065  	2.019  	1.013
ACG 	 10225  	5065  	2.019  	1.013
ACT 	 39370  	24673  	1.596  	0.674
ACT 	 39370  	24673  	1.596  	0.674
AGA 	 40926  	21181  	1.932  	0.950
AGA 	 40926  	21181  	1.932  	0.950
AGC 	 17187  	9759  	1.761  	0.817
AGC 	 17187  	9759  	1.761  	0.817
AGG 	 26898  	16950  	1.587  	0.666
AGG 	 26898  	16950  	1.587  	0.666
AGT 	 43800  	25268  	1.733  	0.794
AGT 	 43800  	25268  	1.733  	0.794
ATA 	 60916  	37714  	1.615  	0.692
ATA 	 60916  	37714  	1.615  	0.692
ATC 	 48227  	24067  	2.004  	1.003
ATC 	 48227  	24067  	2.004  	1.003
ATG 	 52784  	31815  	1.659  	0.730
ATG 	 52784  	31815  	1.659  	0.730
ATT 	 115323  	58247  	1.980  	0.985
ATT 	 115323  	58247  	1.980  	0.985
CAA 	 39622  	21904  	1.809  	0.855
CAA 	 39622  	21904  	1.809  	0.855
CAC 	 16384  	10118  	1.619  	0.695
CAC 	 16384  	10118  	1.619  	0.695
CAG 	 20542  	13360  	1.538  	0.621
CAG 	 20542  	13360  	1.538  	0.621
CAT 	 42879  	26500  	1.618  	0.694
CAT 	 42879  	26500  	1.618  	0.694
CCA 	 17668  	10426  	1.695  	0.761
CCA 	 17668  	10426  	1.695  	0.761
CCC 	 8026  	4027  	1.993  	0.995
CCC 	 8026  	4027  	1.993  	0.995
CCG 	 6340  	2576  	2.461  	1.299
CCG 	 6340  	2576  	2.461  	1.299
CCT 	 20743  	12078  	1.717  	0.780
CCT 	 20743  	12078  	1.717  	0.780
CGA 	 16158  	5593  	2.889  	1.531
CGA 	 16158  	5593  	2.889  	1.531
CGC 	 4937  	2130  	2.318  	1.213
CGC 	 4937  	2130  	2.318  	1.213
CGG 	 6084  	2756  	2.208  	1.142
CGG 	 6084  	2756  	2.208  	1.142
CGT 	 17194  	7411  	2.320  	1.214
CGT 	 17194  	7411  	2.320  	1.214
CTA 	 34754  	20515  	1.694  	0.760
CTA 	 34754  	20515  	1.694  	0.760
CTC 	 37838  	18155  	2.084  	1.059
CTC 	 37838  	18155  	2.084  	1.059
CTG 	 31873  	17067  	1.868  	0.901
CTG 	 31873  	17067  	1.868  	0.901
CTT 	 78441  	44741  	1.753  	0.810
CTT 	 78441  	44741  	1.753  	0.810
GAA 	 50009  	24618  	2.031  	1.022
GAA 	 50009  	24618  	2.031  	1.022
GAC 	 14653  	8801  	1.665  	0.735
GAC 	 14653  	8801  	1.665  	0.735
GAG 	 23867  	12473  	1.913  	0.936
GAG 	 23867  	12473  	1.913  	0.936
GAT 	 64667  	29804  	2.170  	1.118
GAT 	 64667  	29804  	2.170  	1.118
GCA 	 18071  	11733  	1.540  	0.623
GCA 	 18071  	11733  	1.540  	0.623
GCC 	 6313  	3890  	1.623  	0.699
GCC 	 6313  	3890  	1.623  	0.699
GCG 	 5004  	2226  	2.248  	1.169
GCG 	 5004  	2226  	2.248  	1.169
GCT 	 28488  	15908  	1.791  	0.841
GCT 	 28488  	15908  	1.791  	0.841
GGA 	 22872  	10985  	2.082  	1.058
GGA 	 22872  	10985  	2.082  	1.058
GGC 	 7696  	4792  	1.606  	0.683
GGC 	 7696  	4792  	1.606  	0.683
GGG 	 12455  	5288  	2.355  	1.236
GGG 	 12455  	5288  	2.355  	1.236
GGT 	 40605  	24142  	1.682  	0.750
GGT 	 40605  	24142  	1.682  	0.750
GTA 	 40907  	25902  	1.579  	0.659
GTA 	 40907  	25902  	1.579  	0.659
GTC 	 22768  	12896  	1.766  	0.820
GTC 	 22768  	12896  	1.766  	0.820
GTG 	 36730  	20969  	1.752  	0.809
GTG 	 36730  	20969  	1.752  	0.809
GTT 	 90452  	48872  	1.851  	0.888
GTT 	 90452  	48872  	1.851  	0.888
TAA 	 67462  	40322  	1.673  	0.743
TAA 	 67462  	40322  	1.673  	0.743
TAC 	 31128  	19619  	1.587  	0.666
TAC 	 31128  	19619  	1.587  	0.666
TAG 	 46683  	25515  	1.830  	0.872
TAG 	 46683  	25515  	1.830  	0.872
TAT 	 83225  	51277  	1.623  	0.699
TAT 	 83225  	51277  	1.623  	0.699
TCA 	 51949  	28807  	1.803  	0.851
TCA 	 51949  	28807  	1.803  	0.851
TCC 	 24713  	12535  	1.972  	0.979
TCC 	 24713  	12535  	1.972  	0.979
TCG 	 22804  	8023  	2.842  	1.507
TCG 	 22804  	8023  	2.842  	1.507
TCT 	 94305  	47819  	1.972  	0.980
TCT 	 94305  	47819  	1.972  	0.980
TGA 	 73240  	37937  	1.931  	0.949
TGA 	 73240  	37937  	1.931  	0.949
TGC 	 28056  	17076  	1.643  	0.716
TGC 	 28056  	17076  	1.643  	0.716
TGG 	 38191  	20213  	1.889  	0.918
TGG 	 38191  	20213  	1.889  	0.918
TGT 	 89257  	51817  	1.723  	0.785
TGT 	 89257  	51817  	1.723  	0.785
TTA 	 91921  	52602  	1.747  	0.805
TTA 	 91921  	52602  	1.747  	0.805
TTC 	 84938  	42066  	2.019  	1.014
TTC 	 84938  	42066  	2.019  	1.014
TTG 	 107357  	57192  	1.877  	0.909
TTG 	 107357  	57192  	1.877  	0.909
TTT 	 219398  	113872  	1.927  	0.946
TTT 	 219398  	113872  	1.927  	0.946
